100000000000000000000
010000000000000000000
010000000000000000000
111000000000000000000
110000000000000000000
110100000000000000000
111000000000000000000
111100000000000000000
110000000000000000000
010010000000000000000
110100000000000000000
110110000000000000000
111000000000000000000
111010000000000000000
111100000000000000000
011110000000000000000
110000000000000000000
110001000000000000000
110010000000000000000
110011000000000000000
110100000000000000000
110101000000000000000
110110000000000000000
110111000000000000000
111000000000000000000
111001000000000000000
011010000000000000000
111011000000000000000
111100000000000000000
111101000000000000000
111110000000000000000
111111000000000000000
110000000000000000000
110000100000000000000
110001000000000000000
010001100000000000000
110010000000000000000
110010100000000000000
010011000000000000000
110011100000000000000
110100000000000000000
110100100000000000000
110101000000000000000
110101100000000000000
110110000000000000000
110110100000000000000
110111000000000000000
110111100000000000000
111000000000000000000
111000100000000000000
011001000000000000000
111001100000000000000
111010000000000000000
111010100000000000000
111011000000000000000
111011100000000000000
111100000000000000000
111100100000000000000
011101000000000000000
111101100000000000000
111110000000000000000
111110100000000000000
011111000000000000000
111111100000000000000
110000000000000000000
110000010000000000000
110000100000000000000
110000110000000000000
110001000000000000000
110001010000000000000
110001100000000000000
110001110000000000000
110010000000000000000
010010010000000000000
110010100000000000000
010010110000000000000
110011000000000000000
110011010000000000000
110011100000000000000
110011110000000000000
110100000000000000000
110100010000000000000
110100100000000000000
110100110000000000000
110101000000000000000
110101010000000000000
110101100000000000000
110101110000000000000
010110000000000000000
110110010000000000000
110110100000000000000
110110110000000000000
110111000000000000000
010111010000000000000
110111100000000000000
010111110000000000000
111000000000000000000
111000010000000000000
011000100000000000000
111000110000000000000
111001000000000000000
111001010000000000000
011001100000000000000
111001110000000000000
111010000000000000000
111010010000000000000
111010100000000000000
011010110000000000000
111011000000000000000
011011010000000000000
111011100000000000000
111011110000000000000
011100000000000000000
111100010000000000000
111100100000000000000
111100110000000000000
111101000000000000000
111101010000000000000
111101100000000000000
111101110000000000000
111110000000000000000
111110010000000000000
111110100000000000000
011110110000000000000
111111000000000000000
011111010000000000000
111111100000000000000
011111110000000000000
110000000000000000000
110000001000000000000
110000010000000000000
110000011000000000000
010000100000000000000
110000101000000000000
010000110000000000000
110000111000000000000
110001000000000000000
110001001000000000000
010001010000000000000
110001011000000000000
110001100000000000000
110001101000000000000
010001110000000000000
110001111000000000000
110010000000000000000
110010001000000000000
110010010000000000000
110010011000000000000
110010100000000000000
110010101000000000000
110010110000000000000
110010111000000000000
110011000000000000000
110011001000000000000
110011010000000000000
110011011000000000000
110011100000000000000
010011101000000000000
010011110000000000000
110011111000000000000
110100000000000000000
010100001000000000000
110100010000000000000
110100011000000000000
110100100000000000000
110100101000000000000
110100110000000000000
110100111000000000000
010101000000000000000
110101001000000000000
110101010000000000000
110101011000000000000
010101100000000000000
010101101000000000000
110101110000000000000
110101111000000000000
010110000000000000000
110110001000000000000
010110010000000000000
010110011000000000000
110110100000000000000
010110101000000000000
110110110000000000000
110110111000000000000
110111000000000000000
110111001000000000000
110111010000000000000
110111011000000000000
110111100000000000000
110111101000000000000
110111110000000000000
110111111000000000000
111000000000000000000
111000001000000000000
111000010000000000000
111000011000000000000
111000100000000000000
111000101000000000000
011000110000000000000
111000111000000000000
111001000000000000000
111001001000000000000
111001010000000000000
111001011000000000000
111001100000000000000
011001101000000000000
111001110000000000000
111001111000000000000
111010000000000000000
011010001000000000000
011010010000000000000
111010011000000000000
111010100000000000000
011010101000000000000
111010110000000000000
111010111000000000000
111011000000000000000
111011001000000000000
111011010000000000000
111011011000000000000
011011100000000000000
111011101000000000000
011011110000000000000
111011111000000000000
111100000000000000000
111100001000000000000
111100010000000000000
011100011000000000000
111100100000000000000
011100101000000000000
111100110000000000000
011100111000000000000
111101000000000000000
111101001000000000000
111101010000000000000
111101011000000000000
111101100000000000000
111101101000000000000
111101110000000000000
111101111000000000000
111110000000000000000
111110001000000000000
111110010000000000000
111110011000000000000
111110100000000000000
111110101000000000000
111110110000000000000
111110111000000000000
111111000000000000000
111111001000000000000
111111010000000000000
111111011000000000000
011111100000000000000
111111101000000000000
111111110000000000000
111111111000000000000
110000000000000000000
110000000100000000000
110000001000000000000
110000001100000000000
110000010000000000000
110000010100000000000
110000011000000000000
110000011100000000000
110000100000000000000
110000100100000000000
110000101000000000000
110000101100000000000
010000110000000000000
110000110100000000000
110000111000000000000
010000111100000000000
110001000000000000000
110001000100000000000
110001001000000000000
110001001100000000000
110001010000000000000
110001010100000000000
110001011000000000000
110001011100000000000
110001100000000000000
110001100100000000000
110001101000000000000
110001101100000000000
010001110000000000000
010001110100000000000
110001111000000000000
110001111100000000000
110010000000000000000
110010000100000000000
110010001000000000000
110010001100000000000
010010010000000000000
110010010100000000000
010010011000000000000
110010011100000000000
010010100000000000000
010010100100000000000
110010101000000000000
010010101100000000000
010010110000000000000
110010110100000000000
010010111000000000000
110010111100000000000
110011000000000000000
110011000100000000000
010011001000000000000
010011001100000000000
110011010000000000000
110011010100000000000
110011011000000000000
010011011100000000000
110011100000000000000
110011100100000000000
110011101000000000000
110011101100000000000
110011110000000000000
110011110100000000000
110011111000000000000
110011111100000000000
110100000000000000000
010100000100000000000
110100001000000000000
110100001100000000000
110100010000000000000
110100010100000000000
110100011000000000000
010100011100000000000
110100100000000000000
010100100100000000000
010100101000000000000
110100101100000000000
110100110000000000000
110100110100000000000
110100111000000000000
110100111100000000000
110101000000000000000
110101000100000000000
110101001000000000000
110101001100000000000
110101010000000000000
110101010100000000000
010101011000000000000
010101011100000000000
110101100000000000000
110101100100000000000
010101101000000000000
110101101100000000000
010101110000000000000
110101110100000000000
110101111000000000000
010101111100000000000
110110000000000000000
110110000100000000000
110110001000000000000
110110001100000000000
110110010000000000000
110110010100000000000
010110011000000000000
110110011100000000000
110110100000000000000
110110100100000000000
110110101000000000000
110110101100000000000
110110110000000000000
110110110100000000000
110110111000000000000
110110111100000000000
010111000000000000000
110111000100000000000
010111001000000000000
110111001100000000000
110111010000000000000
110111010100000000000
110111011000000000000
110111011100000000000
110111100000000000000
110111100100000000000
110111101000000000000
110111101100000000000
110111110000000000000
110111110100000000000
110111111000000000000
010111111100000000000
111000000000000000000
111000000100000000000
111000001000000000000
011000001100000000000
111000010000000000000
111000010100000000000
111000011000000000000
111000011100000000000
111000100000000000000
111000100100000000000
111000101000000000000
111000101100000000000
111000110000000000000
111000110100000000000
011000111000000000000
111000111100000000000
111001000000000000000
111001000100000000000
111001001000000000000
111001001100000000000
011001010000000000000
111001010100000000000
111001011000000000000
111001011100000000000
111001100000000000000
111001100100000000000
111001101000000000000
011001101100000000000
111001110000000000000
111001110100000000000
111001111000000000000
011001111100000000000
111010000000000000000
111010000100000000000
111010001000000000000
011010001100000000000
111010010000000000000
111010010100000000000
111010011000000000000
111010011100000000000
111010100000000000000
011010100100000000000
111010101000000000000
111010101100000000000
111010110000000000000
011010110100000000000
111010111000000000000
111010111100000000000
111011000000000000000
011011000100000000000
111011001000000000000
011011001100000000000
011011010000000000000
111011010100000000000
111011011000000000000
011011011100000000000
111011100000000000000
111011100100000000000
111011101000000000000
011011101100000000000
111011110000000000000
111011110100000000000
111011111000000000000
011011111100000000000
011100000000000000000
111100000100000000000
011100001000000000000
111100001100000000000
111100010000000000000
111100010100000000000
111100011000000000000
111100011100000000000
111100100000000000000
111100100100000000000
111100101000000000000
111100101100000000000
111100110000000000000
111100110100000000000
111100111000000000000
111100111100000000000
111101000000000000000
111101000100000000000
111101001000000000000
111101001100000000000
111101010000000000000
011101010100000000000
011101011000000000000
111101011100000000000
111101100000000000000
111101100100000000000
111101101000000000000
111101101100000000000
111101110000000000000
111101110100000000000
111101111000000000000
111101111100000000000
111110000000000000000
111110000100000000000
111110001000000000000
111110001100000000000
111110010000000000000
111110010100000000000
011110011000000000000
111110011100000000000
111110100000000000000
111110100100000000000
111110101000000000000
111110101100000000000
111110110000000000000
111110110100000000000
111110111000000000000
011110111100000000000
111111000000000000000
111111000100000000000
111111001000000000000
011111001100000000000
111111010000000000000
111111010100000000000
111111011000000000000
111111011100000000000
011111100000000000000
111111100100000000000
111111101000000000000
111111101100000000000
111111110000000000000
111111110100000000000
011111111000000000000
111111111100000000000
110000000000000000000
110000000010000000000
110000000100000000000
110000000110000000000
110000001000000000000
110000001010000000000
110000001100000000000
010000001110000000000
110000010000000000000
010000010010000000000
110000010100000000000
110000010110000000000
110000011000000000000
110000011010000000000
010000011100000000000
010000011110000000000
110000100000000000000
110000100010000000000
110000100100000000000
110000100110000000000
110000101000000000000
010000101010000000000
110000101100000000000
010000101110000000000
110000110000000000000
110000110010000000000
110000110100000000000
110000110110000000000
010000111000000000000
110000111010000000000
010000111100000000000
110000111110000000000
110001000000000000000
010001000010000000000
010001000100000000000
110001000110000000000
110001001000000000000
010001001010000000000
010001001100000000000
110001001110000000000
110001010000000000000
110001010010000000000
010001010100000000000
010001010110000000000
110001011000000000000
110001011010000000000
110001011100000000000
110001011110000000000
110001100000000000000
110001100010000000000
110001100100000000000
110001100110000000000
110001101000000000000
110001101010000000000
110001101100000000000
110001101110000000000
110001110000000000000
010001110010000000000
110001110100000000000
010001110110000000000
110001111000000000000
110001111010000000000
110001111100000000000
110001111110000000000
010010000000000000000
110010000010000000000
110010000100000000000
110010000110000000000
110010001000000000000
110010001010000000000
110010001100000000000
110010001110000000000
010010010000000000000
110010010010000000000
110010010100000000000
110010010110000000000
110010011000000000000
110010011010000000000
110010011100000000000
110010011110000000000
110010100000000000000
110010100010000000000
110010100100000000000
010010100110000000000
110010101000000000000
110010101010000000000
110010101100000000000
110010101110000000000
110010110000000000000
110010110010000000000
110010110100000000000
110010110110000000000
110010111000000000000
110010111010000000000
010010111100000000000
110010111110000000000
010011000000000000000
110011000010000000000
110011000100000000000
110011000110000000000
110011001000000000000
110011001010000000000
110011001100000000000
110011001110000000000
110011010000000000000
110011010010000000000
010011010100000000000
010011010110000000000
110011011000000000000
010011011010000000000
110011011100000000000
010011011110000000000
110011100000000000000
010011100010000000000
110011100100000000000
110011100110000000000
010011101000000000000
010011101010000000000
010011101100000000000
110011101110000000000
010011110000000000000
110011110010000000000
110011110100000000000
110011110110000000000
110011111000000000000
010011111010000000000
010011111100000000000
110011111110000000000
110100000000000000000
110100000010000000000
110100000100000000000
010100000110000000000
110100001000000000000
110100001010000000000
110100001100000000000
110100001110000000000
110100010000000000000
110100010010000000000
010100010100000000000
110100010110000000000
110100011000000000000
110100011010000000000
110100011100000000000
110100011110000000000
110100100000000000000
110100100010000000000
010100100100000000000
110100100110000000000
010100101000000000000
110100101010000000000
110100101100000000000
110100101110000000000
110100110000000000000
010100110010000000000
110100110100000000000
110100110110000000000
110100111000000000000
110100111010000000000
110100111100000000000
110100111110000000000
010101000000000000000
110101000010000000000
110101000100000000000
110101000110000000000
110101001000000000000
110101001010000000000
110101001100000000000
110101001110000000000
110101010000000000000
010101010010000000000
110101010100000000000
110101010110000000000
110101011000000000000
110101011010000000000
110101011100000000000
110101011110000000000
010101100000000000000
110101100010000000000
110101100100000000000
110101100110000000000
110101101000000000000
110101101010000000000
110101101100000000000
110101101110000000000
110101110000000000000
110101110010000000000
010101110100000000000
110101110110000000000
110101111000000000000
110101111010000000000
110101111100000000000
110101111110000000000
110110000000000000000
010110000010000000000
110110000100000000000
110110000110000000000
010110001000000000000
110110001010000000000
110110001100000000000
110110001110000000000
110110010000000000000
110110010010000000000
110110010100000000000
110110010110000000000
110110011000000000000
010110011010000000000
110110011100000000000
110110011110000000000
110110100000000000000
110110100010000000000
110110100100000000000
110110100110000000000
110110101000000000000
110110101010000000000
110110101100000000000
110110101110000000000
110110110000000000000
110110110010000000000
110110110100000000000
110110110110000000000
110110111000000000000
110110111010000000000
110110111100000000000
010110111110000000000
110111000000000000000
110111000010000000000
110111000100000000000
010111000110000000000
010111001000000000000
010111001010000000000
010111001100000000000
110111001110000000000
010111010000000000000
110111010010000000000
110111010100000000000
010111010110000000000
010111011000000000000
110111011010000000000
110111011100000000000
110111011110000000000
010111100000000000000
010111100010000000000
110111100100000000000
110111100110000000000
110111101000000000000
110111101010000000000
110111101100000000000
010111101110000000000
010111110000000000000
110111110010000000000
110111110100000000000
110111110110000000000
110111111000000000000
110111111010000000000
110111111100000000000
110111111110000000000
011000000000000000000
111000000010000000000
111000000100000000000
111000000110000000000
111000001000000000000
011000001010000000000
111000001100000000000
111000001110000000000
111000010000000000000
111000010010000000000
111000010100000000000
111000010110000000000
111000011000000000000
111000011010000000000
111000011100000000000
111000011110000000000
011000100000000000000
111000100010000000000
111000100100000000000
111000100110000000000
111000101000000000000
011000101010000000000
011000101100000000000
111000101110000000000
011000110000000000000
011000110010000000000
111000110100000000000
111000110110000000000
111000111000000000000
111000111010000000000
111000111100000000000
111000111110000000000
111001000000000000000
111001000010000000000
111001000100000000000
011001000110000000000
111001001000000000000
111001001010000000000
011001001100000000000
111001001110000000000
111001010000000000000
011001010010000000000
111001010100000000000
111001010110000000000
011001011000000000000
111001011010000000000
111001011100000000000
011001011110000000000
111001100000000000000
111001100010000000000
111001100100000000000
111001100110000000000
111001101000000000000
111001101010000000000
011001101100000000000
111001101110000000000
011001110000000000000
111001110010000000000
111001110100000000000
111001110110000000000
011001111000000000000
011001111010000000000
111001111100000000000
111001111110000000000
111010000000000000000
111010000010000000000
111010000100000000000
011010000110000000000
111010001000000000000
111010001010000000000
111010001100000000000
111010001110000000000
111010010000000000000
011010010010000000000
011010010100000000000
111010010110000000000
111010011000000000000
111010011010000000000
111010011100000000000
111010011110000000000
111010100000000000000
111010100010000000000
111010100100000000000
111010100110000000000
111010101000000000000
111010101010000000000
111010101100000000000
011010101110000000000
111010110000000000000
111010110010000000000
011010110100000000000
111010110110000000000
111010111000000000000
011010111010000000000
111010111100000000000
111010111110000000000
111011000000000000000
111011000010000000000
111011000100000000000
111011000110000000000
011011001000000000000
111011001010000000000
111011001100000000000
111011001110000000000
111011010000000000000
111011010010000000000
111011010100000000000
111011010110000000000
111011011000000000000
011011011010000000000
111011011100000000000
111011011110000000000
111011100000000000000
111011100010000000000
111011100100000000000
111011100110000000000
111011101000000000000
111011101010000000000
111011101100000000000
111011101110000000000
011011110000000000000
111011110010000000000
111011110100000000000
111011110110000000000
111011111000000000000
111011111010000000000
111011111100000000000
111011111110000000000
011100000000000000000
011100000010000000000
111100000100000000000
111100000110000000000
111100001000000000000
011100001010000000000
011100001100000000000
111100001110000000000
011100010000000000000
011100010010000000000
111100010100000000000
111100010110000000000
111100011000000000000
111100011010000000000
111100011100000000000
011100011110000000000
111100100000000000000
011100100010000000000
111100100100000000000
111100100110000000000
111100101000000000000
111100101010000000000
011100101100000000000
011100101110000000000
011100110000000000000
011100110010000000000
011100110100000000000
111100110110000000000
111100111000000000000
111100111010000000000
011100111100000000000
111100111110000000000
111101000000000000000
111101000010000000000
111101000100000000000
111101000110000000000
111101001000000000000
111101001010000000000
111101001100000000000
111101001110000000000
111101010000000000000
111101010010000000000
011101010100000000000
011101010110000000000
111101011000000000000
111101011010000000000
111101011100000000000
111101011110000000000
111101100000000000000
111101100010000000000
111101100100000000000
011101100110000000000
011101101000000000000
111101101010000000000
111101101100000000000
111101101110000000000
111101110000000000000
111101110010000000000
111101110100000000000
111101110110000000000
111101111000000000000
011101111010000000000
011101111100000000000
111101111110000000000
111110000000000000000
111110000010000000000
111110000100000000000
111110000110000000000
011110001000000000000
111110001010000000000
111110001100000000000
111110001110000000000
111110010000000000000
111110010010000000000
111110010100000000000
111110010110000000000
111110011000000000000
111110011010000000000
111110011100000000000
111110011110000000000
111110100000000000000
011110100010000000000
111110100100000000000
111110100110000000000
111110101000000000000
111110101010000000000
111110101100000000000
011110101110000000000
111110110000000000000
111110110010000000000
011110110100000000000
111110110110000000000
111110111000000000000
111110111010000000000
011110111100000000000
111110111110000000000
111111000000000000000
111111000010000000000
111111000100000000000
111111000110000000000
011111001000000000000
111111001010000000000
111111001100000000000
111111001110000000000
111111010000000000000
111111010010000000000
111111010100000000000
111111010110000000000
111111011000000000000
011111011010000000000
111111011100000000000
111111011110000000000
111111100000000000000
011111100010000000000
111111100100000000000
011111100110000000000
111111101000000000000
111111101010000000000
111111101100000000000
111111101110000000000
111111110000000000000
111111110010000000000
111111110100000000000
111111110110000000000
111111111000000000000
011111111010000000000
111111111100000000000
011111111110000000000
