1000000000000000000000
1100000000000000000000
1100000000000000000000
1110000000000000000000
0100000000000000000000
1101000000000000000000
1110000000000000000000
1111000000000000000000
1100000000000000000000
0100100000000000000000
1101000000000000000000
0101100000000000000000
1110000000000000000000
1110100000000000000000
1111000000000000000000
1111100000000000000000
1100000000000000000000
1100010000000000000000
1100100000000000000000
1100110000000000000000
1101000000000000000000
1101010000000000000000
1101100000000000000000
1101110000000000000000
1110000000000000000000
1110010000000000000000
1110100000000000000000
1110110000000000000000
1111000000000000000000
1111010000000000000000
1111100000000000000000
0111110000000000000000
0100000000000000000000
1100001000000000000000
1100010000000000000000
1100011000000000000000
1100100000000000000000
1100101000000000000000
0100110000000000000000
1100111000000000000000
1101000000000000000000
1101001000000000000000
1101010000000000000000
1101011000000000000000
1101100000000000000000
1101101000000000000000
1101110000000000000000
1101111000000000000000
1110000000000000000000
1110001000000000000000
1110010000000000000000
0110011000000000000000
1110100000000000000000
1110101000000000000000
1110110000000000000000
1110111000000000000000
1111000000000000000000
1111001000000000000000
1111010000000000000000
1111011000000000000000
1111100000000000000000
1111101000000000000000
1111110000000000000000
1111111000000000000000
