00000000000000000000
10000000000000000000
10000000000000000000
11000000000000000000
10000000000000000000
10100000000000000000
11000000000000000000
11100000000000000000
10000000000000000000
10010000000000000000
10100000000000000000
10110000000000000000
11000000000000000000
11010000000000000000
11100000000000000000
11110000000000000000
10000000000000000000
10001000000000000000
10010000000000000000
10011000000000000000
10100000000000000000
10101000000000000000
10110000000000000000
10111000000000000000
11000000000000000000
11001000000000000000
11010000000000000000
11011000000000000000
11100000000000000000
11101000000000000000
11110000000000000000
11111000000000000000
10000000000000000000
10000100000000000000
10001000000000000000
10001100000000000000
10010000000000000000
10010100000000000000
10011000000000000000
10011100000000000000
10100000000000000000
10100100000000000000
10101000000000000000
10101100000000000000
10110000000000000000
10110100000000000000
10111000000000000000
10111100000000000000
11000000000000000000
11000100000000000000
11001000000000000000
11001100000000000000
11010000000000000000
11010100000000000000
11011000000000000000
11011100000000000000
11100000000000000000
11100100000000000000
11101000000000000000
11101100000000000000
11110000000000000000
11110100000000000000
11111000000000000000
11111100000000000000