100000000000000000000
100000000000000000001
100000000000000000010
100000000000000000011
100000000000000000100
100000000000000000101
100000000000000000110
100000000000000000111
100000000000000001000
000000000000000001001
100000000000000001010
100000000000000001011
100000000000000001100
100000000000000001101
100000000000000001110
100000000000000001111
100000000000000010000
100000000000000010001
100000000000000010010
000000000000000010011
100000000000000010100
100000000000000010101
100000000000000010110
100000000000000010111
100000000000000011000
100000000000000011001
100000000000000011010
100000000000000011011
000000000000000011100
100000000000000011101
100000000000000011110
100000000000000011111
100000000000000100000
100000000000000100001
100000000000000100010
100000000000000100011
100000000000000100100
100000000000000100101
100000000000000100110
100000000000000100111
100000000000000101000
100000000000000101001
100000000000000101010
100000000000000101011
100000000000000101100
100000000000000101101
100000000000000101110
100000000000000101111
100000000000000110000
100000000000000110001
100000000000000110010
100000000000000110011
100000000000000110100
100000000000000110101
100000000000000110110
100000000000000110111
100000000000000111000
100000000000000111001
100000000000000111010
100000000000000111011
100000000000000111100
100000000000000111101
100000000000000111110
100000000000000111111