000000000000000000000
000000000010000000000
000000000100000000000
000000000110000000000
100000001000000000000
100000001010000000000
000000001100000000000
100000001110000000000
000000010000000000000
100000010010000000000
000000010100000000000
000000010110000000000
100000011000000000000
100000011010000000000
000000011100000000000
100000011110000000000
000000100000000000000
100000100010000000000
100000100100000000000
100000100110000000000
100000101000000000000
100000101010000000000
100000101100000000000
100000101110000000000
000000110000000000000
100000110010000000000
100000110100000000000
100000110110000000000
000000111000000000000
100000111010000000000
100000111100000000000
000000111110000000000
000001000000000000000
000001000010000000000
100001000100000000000
000001000110000000000
000001001000000000000
100001001010000000000
100001001100000000000
100001001110000000000
000001010000000000000
100001010010000000000
000001010100000000000
100001010110000000000
000001011000000000000
000001011010000000000
000001011100000000000
000001011110000000000
000001100000000000000
100001100010000000000
000001100100000000000
100001100110000000000
000001101000000000000
000001101010000000000
000001101100000000000
100001101110000000000
000001110000000000000
100001110010000000000
100001110100000000000
000001110110000000000
000001111000000000000
000001111010000000000
000001111100000000000
100001111110000000000
000010000000000000000
100010000010000000000
100010000100000000000
100010000110000000000
000010001000000000000
100010001010000000000
000010001100000000000
000010001110000000000
000010010000000000000
000010010010000000000
100010010100000000000
000010010110000000000
000010011000000000000
100010011010000000000
000010011100000000000
000010011110000000000
100010100000000000000
100010100010000000000
100010100100000000000
100010100110000000000
100010101000000000000
000010101010000000000
000010101100000000000
000010101110000000000
100010110000000000000
000010110010000000000
000010110100000000000
000010110110000000000
000010111000000000000
100010111010000000000
100010111100000000000
000010111110000000000
000011000000000000000
100011000010000000000
000011000100000000000
100011000110000000000
100011001000000000000
100011001010000000000
000011001100000000000
000011001110000000000
100011010000000000000
100011010010000000000
100011010100000000000
100011010110000000000
100011011000000000000
100011011010000000000
000011011100000000000
000011011110000000000
000011100000000000000
100011100010000000000
000011100100000000000
100011100110000000000
100011101000000000000
000011101010000000000
100011101100000000000
100011101110000000000
100011110000000000000
100011110010000000000
000011110100000000000
100011110110000000000
000011111000000000000
000011111010000000000
000011111100000000000
000011111110000000000
000100000000000000000
000100000010000000000
100100000100000000000
000100000110000000000
100100001000000000000
000100001010000000000
100100001100000000000
000100001110000000000
000100010000000000000
100100010010000000000
000100010100000000000
000100010110000000000
000100011000000000000
000100011010000000000
000100011100000000000
100100011110000000000
000100100000000000000
000100100010000000000
000100100100000000000
000100100110000000000
100100101000000000000
000100101010000000000
000100101100000000000
100100101110000000000
000100110000000000000
100100110010000000000
000100110100000000000
000100110110000000000
000100111000000000000
100100111010000000000
000100111100000000000
000100111110000000000
000101000000000000000
000101000010000000000
000101000100000000000
000101000110000000000
000101001000000000000
000101001010000000000
100101001100000000000
000101001110000000000
100101010000000000000
000101010010000000000
000101010100000000000
100101010110000000000
000101011000000000000
000101011010000000000
000101011100000000000
000101011110000000000
000101100000000000000
100101100010000000000
100101100100000000000
000101100110000000000
000101101000000000000
100101101010000000000
100101101100000000000
000101101110000000000
100101110000000000000
100101110010000000000
000101110100000000000
100101110110000000000
000101111000000000000
000101111010000000000
100101111100000000000
000101111110000000000
100110000000000000000
100110000010000000000
000110000100000000000
000110000110000000000
000110001000000000000
000110001010000000000
100110001100000000000
000110001110000000000
100110010000000000000
000110010010000000000
000110010100000000000
000110010110000000000
100110011000000000000
000110011010000000000
100110011100000000000
100110011110000000000
100110100000000000000
100110100010000000000
100110100100000000000
000110100110000000000
100110101000000000000
100110101010000000000
100110101100000000000
100110101110000000000
100110110000000000000
100110110010000000000
000110110100000000000
000110110110000000000
000110111000000000000
000110111010000000000
100110111100000000000
100110111110000000000
100111000000000000000
000111000010000000000
100111000100000000000
000111000110000000000
000111001000000000000
100111001010000000000
100111001100000000000
000111001110000000000
000111010000000000000
000111010010000000000
100111010100000000000
100111010110000000000
000111011000000000000
100111011010000000000
000111011100000000000
100111011110000000000
100111100000000000000
100111100010000000000
100111100100000000000
000111100110000000000
100111101000000000000
000111101010000000000
100111101100000000000
000111101110000000000
100111110000000000000
000111110010000000000
100111110100000000000
000111110110000000000
000111111000000000000
100111111010000000000
100111111100000000000
000111111110000000000
001000000000000000000
001000000010000000000
001000000100000000000
101000000110000000000
101000001000000000000
001000001010000000000
101000001100000000000
101000001110000000000
101000010000000000000
101000010010000000000
001000010100000000000
101000010110000000000
101000011000000000000
001000011010000000000
101000011100000000000
101000011110000000000
001000100000000000000
001000100010000000000
001000100100000000000
001000100110000000000
101000101000000000000
001000101010000000000
001000101100000000000
101000101110000000000
001000110000000000000
101000110010000000000
001000110100000000000
101000110110000000000
001000111000000000000
001000111010000000000
101000111100000000000
001000111110000000000
001001000000000000000
001001000010000000000
101001000100000000000
001001000110000000000
001001001000000000000
001001001010000000000
101001001100000000000
101001001110000000000
101001010000000000000
001001010010000000000
001001010100000000000
101001010110000000000
101001011000000000000
101001011010000000000
001001011100000000000
101001011110000000000
001001100000000000000
101001100010000000000
001001100100000000000
001001100110000000000
001001101000000000000
101001101010000000000
001001101100000000000
101001101110000000000
001001110000000000000
001001110010000000000
101001110100000000000
001001110110000000000
101001111000000000000
101001111010000000000
001001111100000000000
101001111110000000000
101010000000000000000
001010000010000000000
001010000100000000000
101010000110000000000
001010001000000000000
001010001010000000000
001010001100000000000
101010001110000000000
101010010000000000000
001010010010000000000
001010010100000000000
101010010110000000000
101010011000000000000
001010011010000000000
001010011100000000000
101010011110000000000
101010100000000000000
101010100010000000000
001010100100000000000
001010100110000000000
101010101000000000000
001010101010000000000
101010101100000000000
001010101110000000000
101010110000000000000
101010110010000000000
101010110100000000000
101010110110000000000
101010111000000000000
001010111010000000000
101010111100000000000
001010111110000000000
101011000000000000000
101011000010000000000
001011000100000000000
001011000110000000000
101011001000000000000
001011001010000000000
101011001100000000000
001011001110000000000
001011010000000000000
001011010010000000000
001011010100000000000
101011010110000000000
101011011000000000000
101011011010000000000
101011011100000000000
001011011110000000000
101011100000000000000
101011100010000000000
101011100100000000000
001011100110000000000
101011101000000000000
001011101010000000000
001011101100000000000
101011101110000000000
101011110000000000000
001011110010000000000
101011110100000000000
001011110110000000000
001011111000000000000
001011111010000000000
101011111100000000000
101011111110000000000
001100000000000000000
001100000010000000000
101100000100000000000
101100000110000000000
001100001000000000000
001100001010000000000
101100001100000000000
101100001110000000000
001100010000000000000
101100010010000000000
101100010100000000000
101100010110000000000
101100011000000000000
101100011010000000000
001100011100000000000
101100011110000000000
001100100000000000000
101100100010000000000
001100100100000000000
101100100110000000000
101100101000000000000
001100101010000000000
001100101100000000000
101100101110000000000
101100110000000000000
101100110010000000000
001100110100000000000
001100110110000000000
101100111000000000000
001100111010000000000
101100111100000000000
001100111110000000000
001101000000000000000
101101000010000000000
001101000100000000000
001101000110000000000
101101001000000000000
001101001010000000000
001101001100000000000
001101001110000000000
101101010000000000000
101101010010000000000
101101010100000000000
001101010110000000000
101101011000000000000
101101011010000000000
001101011100000000000
001101011110000000000
101101100000000000000
101101100010000000000
001101100100000000000
101101100110000000000
101101101000000000000
001101101010000000000
101101101100000000000
101101101110000000000
101101110000000000000
101101110010000000000
001101110100000000000
101101110110000000000
101101111000000000000
001101111010000000000
001101111100000000000
101101111110000000000
101110000000000000000
001110000010000000000
001110000100000000000
001110000110000000000
001110001000000000000
001110001010000000000
001110001100000000000
001110001110000000000
001110010000000000000
001110010010000000000
001110010100000000000
001110010110000000000
001110011000000000000
001110011010000000000
101110011100000000000
001110011110000000000
101110100000000000000
101110100010000000000
101110100100000000000
001110100110000000000
001110101000000000000
101110101010000000000
001110101100000000000
001110101110000000000
001110110000000000000
101110110010000000000
001110110100000000000
101110110110000000000
001110111000000000000
001110111010000000000
101110111100000000000
001110111110000000000
001111000000000000000
001111000010000000000
101111000100000000000
001111000110000000000
001111001000000000000
001111001010000000000
001111001100000000000
101111001110000000000
001111010000000000000
001111010010000000000
001111010100000000000
101111010110000000000
101111011000000000000
001111011010000000000
101111011100000000000
101111011110000000000
001111100000000000000
101111100010000000000
001111100100000000000
001111100110000000000
001111101000000000000
001111101010000000000
101111101100000000000
101111101110000000000
001111110000000000000
001111110010000000000
101111110100000000000
101111110110000000000
101111111000000000000
001111111010000000000
101111111100000000000
001111111110000000000
110000000000000000000
110000000010000000000
010000000100000000000
010000000110000000000
110000001000000000000
010000001010000000000
110000001100000000000
110000001110000000000
010000010000000000000
010000010010000000000
010000010100000000000
010000010110000000000
010000011000000000000
110000011010000000000
110000011100000000000
110000011110000000000
110000100000000000000
010000100010000000000
110000100100000000000
110000100110000000000
110000101000000000000
010000101010000000000
110000101100000000000
010000101110000000000
010000110000000000000
110000110010000000000
110000110100000000000
010000110110000000000
010000111000000000000
110000111010000000000
010000111100000000000
010000111110000000000
110001000000000000000
010001000010000000000
110001000100000000000
110001000110000000000
010001001000000000000
110001001010000000000
110001001100000000000
110001001110000000000
110001010000000000000
110001010010000000000
010001010100000000000
110001010110000000000
010001011000000000000
110001011010000000000
010001011100000000000
110001011110000000000
010001100000000000000
010001100010000000000
010001100100000000000
110001100110000000000
010001101000000000000
010001101010000000000
010001101100000000000
110001101110000000000
110001110000000000000
010001110010000000000
010001110100000000000
110001110110000000000
010001111000000000000
010001111010000000000
110001111100000000000
010001111110000000000
010010000000000000000
110010000010000000000
110010000100000000000
110010000110000000000
010010001000000000000
010010001010000000000
010010001100000000000
010010001110000000000
010010010000000000000
010010010010000000000
010010010100000000000
010010010110000000000
110010011000000000000
010010011010000000000
110010011100000000000
110010011110000000000
010010100000000000000
110010100010000000000
110010100100000000000
110010100110000000000
110010101000000000000
110010101010000000000
010010101100000000000
110010101110000000000
010010110000000000000
110010110010000000000
010010110100000000000
010010110110000000000
110010111000000000000
110010111010000000000
010010111100000000000
010010111110000000000
110011000000000000000
110011000010000000000
110011000100000000000
110011000110000000000
110011001000000000000
010011001010000000000
110011001100000000000
010011001110000000000
110011010000000000000
010011010010000000000
010011010100000000000
010011010110000000000
110011011000000000000
110011011010000000000
010011011100000000000
110011011110000000000
110011100000000000000
110011100010000000000
010011100100000000000
010011100110000000000
110011101000000000000
010011101010000000000
110011101100000000000
010011101110000000000
010011110000000000000
010011110010000000000
110011110100000000000
110011110110000000000
010011111000000000000
110011111010000000000
110011111100000000000
110011111110000000000
110100000000000000000
010100000010000000000
110100000100000000000
110100000110000000000
010100001000000000000
110100001010000000000
010100001100000000000
010100001110000000000
010100010000000000000
010100010010000000000
110100010100000000000
010100010110000000000
110100011000000000000
110100011010000000000
110100011100000000000
010100011110000000000
010100100000000000000
010100100010000000000
010100100100000000000
010100100110000000000
110100101000000000000
110100101010000000000
110100101100000000000
010100101110000000000
010100110000000000000
110100110010000000000
110100110100000000000
010100110110000000000
010100111000000000000
010100111010000000000
110100111100000000000
110100111110000000000
010101000000000000000
010101000010000000000
010101000100000000000
110101000110000000000
010101001000000000000
010101001010000000000
110101001100000000000
010101001110000000000
110101010000000000000
110101010010000000000
110101010100000000000
110101010110000000000
110101011000000000000
110101011010000000000
010101011100000000000
110101011110000000000
110101100000000000000
110101100010000000000
010101100100000000000
010101100110000000000
110101101000000000000
010101101010000000000
110101101100000000000
110101101110000000000
110101110000000000000
010101110010000000000
110101110100000000000
110101110110000000000
110101111000000000000
110101111010000000000
110101111100000000000
010101111110000000000
110110000000000000000
010110000010000000000
010110000100000000000
010110000110000000000
010110001000000000000
110110001010000000000
110110001100000000000
110110001110000000000
010110010000000000000
010110010010000000000
010110010100000000000
110110010110000000000
110110011000000000000
010110011010000000000
010110011100000000000
010110011110000000000
010110100000000000000
110110100010000000000
110110100100000000000
110110100110000000000
110110101000000000000
110110101010000000000
110110101100000000000
010110101110000000000
110110110000000000000
010110110010000000000
110110110100000000000
010110110110000000000
110110111000000000000
110110111010000000000
010110111100000000000
110110111110000000000
110111000000000000000
110111000010000000000
010111000100000000000
010111000110000000000
010111001000000000000
010111001010000000000
110111001100000000000
010111001110000000000
110111010000000000000
110111010010000000000
110111010100000000000
110111010110000000000
010111011000000000000
110111011010000000000
110111011100000000000
110111011110000000000
110111100000000000000
010111100010000000000
110111100100000000000
010111100110000000000
010111101000000000000
010111101010000000000
010111101100000000000
110111101110000000000
010111110000000000000
110111110010000000000
110111110100000000000
010111110110000000000
110111111000000000000
010111111010000000000
010111111100000000000
110111111110000000000
011000000000000000000
111000000010000000000
111000000100000000000
111000000110000000000
011000001000000000000
111000001010000000000
011000001100000000000
111000001110000000000
111000010000000000000
111000010010000000000
111000010100000000000
011000010110000000000
011000011000000000000
111000011010000000000
011000011100000000000
111000011110000000000
111000100000000000000
011000100010000000000
111000100100000000000
111000100110000000000
011000101000000000000
011000101010000000000
011000101100000000000
011000101110000000000
011000110000000000000
011000110010000000000
011000110100000000000
011000110110000000000
111000111000000000000
011000111010000000000
011000111100000000000
111000111110000000000
111001000000000000000
011001000010000000000
011001000100000000000
011001000110000000000
011001001000000000000
011001001010000000000
011001001100000000000
011001001110000000000
011001010000000000000
111001010010000000000
111001010100000000000
111001010110000000000
011001011000000000000
011001011010000000000
111001011100000000000
011001011110000000000
011001100000000000000
011001100010000000000
111001100100000000000
111001100110000000000
111001101000000000000
111001101010000000000
011001101100000000000
111001101110000000000
111001110000000000000
111001110010000000000
011001110100000000000
011001110110000000000
111001111000000000000
111001111010000000000
011001111100000000000
011001111110000000000
111010000000000000000
011010000010000000000
011010000100000000000
111010000110000000000
011010001000000000000
011010001010000000000
011010001100000000000
011010001110000000000
011010010000000000000
011010010010000000000
011010010100000000000
011010010110000000000
111010011000000000000
011010011010000000000
111010011100000000000
111010011110000000000
011010100000000000000
111010100010000000000
111010100100000000000
011010100110000000000
111010101000000000000
011010101010000000000
111010101100000000000
111010101110000000000
111010110000000000000
011010110010000000000
011010110100000000000
111010110110000000000
111010111000000000000
011010111010000000000
011010111100000000000
011010111110000000000
111011000000000000000
111011000010000000000
111011000100000000000
111011000110000000000
111011001000000000000
011011001010000000000
111011001100000000000
011011001110000000000
011011010000000000000
011011010010000000000
111011010100000000000
011011010110000000000
011011011000000000000
011011011010000000000
011011011100000000000
011011011110000000000
111011100000000000000
011011100010000000000
011011100100000000000
111011100110000000000
111011101000000000000
111011101010000000000
111011101100000000000
111011101110000000000
111011110000000000000
111011110010000000000
011011110100000000000
011011110110000000000
111011111000000000000
011011111010000000000
111011111100000000000
011011111110000000000
111100000000000000000
111100000010000000000
111100000100000000000
111100000110000000000
111100001000000000000
111100001010000000000
011100001100000000000
011100001110000000000
111100010000000000000
011100010010000000000
111100010100000000000
111100010110000000000
011100011000000000000
111100011010000000000
111100011100000000000
011100011110000000000
011100100000000000000
011100100010000000000
111100100100000000000
011100100110000000000
011100101000000000000
111100101010000000000
011100101100000000000
011100101110000000000
011100110000000000000
011100110010000000000
111100110100000000000
111100110110000000000
011100111000000000000
011100111010000000000
011100111100000000000
011100111110000000000
011101000000000000000
111101000010000000000
111101000100000000000
011101000110000000000
111101001000000000000
011101001010000000000
111101001100000000000
111101001110000000000
111101010000000000000
011101010010000000000
111101010100000000000
111101010110000000000
011101011000000000000
011101011010000000000
111101011100000000000
011101011110000000000
111101100000000000000
011101100010000000000
111101100100000000000
111101100110000000000
011101101000000000000
011101101010000000000
111101101100000000000
011101101110000000000
011101110000000000000
111101110010000000000
011101110100000000000
011101110110000000000
011101111000000000000
011101111010000000000
111101111100000000000
011101111110000000000
011110000000000000000
111110000010000000000
011110000100000000000
011110000110000000000
111110001000000000000
011110001010000000000
111110001100000000000
111110001110000000000
111110010000000000000
111110010010000000000
011110010100000000000
011110010110000000000
111110011000000000000
111110011010000000000
011110011100000000000
111110011110000000000
011110100000000000000
111110100010000000000
111110100100000000000
111110100110000000000
011110101000000000000
011110101010000000000
011110101100000000000
111110101110000000000
111110110000000000000
011110110010000000000
111110110100000000000
111110110110000000000
011110111000000000000
111110111010000000000
111110111100000000000
111110111110000000000
111111000000000000000
111111000010000000000
011111000100000000000
111111000110000000000
011111001000000000000
011111001010000000000
111111001100000000000
011111001110000000000
011111010000000000000
011111010010000000000
111111010100000000000
111111010110000000000
111111011000000000000
011111011010000000000
111111011100000000000
011111011110000000000
111111100000000000000
011111100010000000000
111111100100000000000
011111100110000000000
111111101000000000000
011111101010000000000
011111101100000000000
111111101110000000000
111111110000000000000
011111110010000000000
111111110100000000000
011111110110000000000
111111111000000000000
111111111010000000000
011111111100000000000
111111111110000000000